import numpy as np

four_machine_matrix = np.array([
        [0, 5, 10, 10, 6, 9],
        [5, 0, 10, 10, 6, 9],
        [10, 10, 0, 5, 11, 6],
        [10, 10, 5, 0, 11, 6],
        [6, 6, 11, 11, 0, 10],
        [9, 9, 6, 6, 10, 0]
    ])

empty_matrix = np.array([
    [0,0,0,0,0,0],
    [0,0,0,0,0,0],
    [0,0,0,0,0,0],
    [0,0,0,0,0,0]
])

sim_matrix = np.array([
    [0, 5.16, 10.258, 10.258, 6.12, 9.258],
    [5.16, 0, 10.258, 10.258, 6.12, 9.258],
    [10.258, 10.258, 0, 5.16, 11.218, 6.86],
    [10.258, 10.258, 5.16, 0, 11.218, 6.86],
    [6.12, 6.12, 11.218, 11.218, 0, 10.22],
    [9.258, 9.258, 6.86, 6.86, 10.22, 0]
])

six_machine_matrix = np.array([
    [0, 8, 12, 12, 16, 16, 9, 14],
    [8, 0, 12, 12, 16, 16, 9, 14],
    [12, 12, 0, 8, 12, 12, 13, 10],
    [12, 12, 8, 0, 12, 12, 13, 10],
    [16, 16, 12, 12, 0, 8, 17, 6],
    [16, 16, 12, 12, 8, 0, 17, 6],
    [9, 9, 13, 13, 17, 17 ,0, 15],
    [14, 14, 10, 10, 6, 6, 15, 0]
])

five_machine_matrix = np.array([
    [0, 8, 12, 12, 16, 9, 14],
    [8, 0, 12, 12, 16, 9, 14],
    [12, 12, 0, 8, 12, 13, 10],
    [12, 12, 8, 0, 12, 13, 10],
    [16, 16, 12, 12, 0, 17, 6],
    [9, 9, 13, 13, 17, 0, 15],
    [14, 14, 10, 10, 6, 15, 0]
])